Unnamed: 0,Unnamed: 1,Unnamed: 2,Gross P&L Total,"10,108.03",Unnamed: 5,Unnamed: 6
,,,,,,
Indicators Activated,EMA Parameters,SL Points,TP Points,Trailing Stop,Green Bars Required for Entry,
"EMA Crossover, VWAP","Fast EMA: 9, Slow EMA: 21",7.0,"10.0, 25.0, 50.0, 100.0","Enabled: True, Activation: 5.0 points, Distance: 7.0 points",3,
,,,,,,
Entry Time,Exit Time,Entry Price,Exit Price,Lots,Total Qty,Gross P&L
,,,,,,
2025-07-21 09:20:00,2025-07-21 09:20:53,185.55,196.6,,75,819.51
2025-07-21 09:20:00,2025-07-21 09:21:44,185.55,199.9,,375,5334.29
2025-07-21 09:21:56,2025-07-21 09:22:44,205.5,215.5,,75,739.88
2025-07-21 09:21:56,2025-07-21 09:23:53,205.5,211.6,,375,2237.79
2025-07-21 09:24:40,2025-07-21 09:25:43,214.95,227.95,,75,964.29
2025-07-21 09:24:40,2025-07-21 09:26:34,214.95,223.75,,375,3247.44
2025-07-21 09:26:53,2025-07-21 09:27:24,231,223.7,,450,-3348.06
2025-07-21 09:27:59,2025-07-21 09:30:20,226.25,219.25,,450,-3211.8
2025-07-21 09:30:32,2025-07-21 09:30:57,226.5,218.25,,375,-3145.02
2025-07-21 09:31:32,2025-07-21 09:33:06,224,237.1,,75,971.36
2025-07-21 09:31:32,2025-07-21 09:34:02,224,234,,300,2956.03
2025-07-21 09:36:53,2025-07-21 09:39:40,223.8,223.25,,450,-310.43
2025-07-21 11:49:10,2025-07-21 11:51:26,136.3,128.9,,675,-5049.5
2025-07-21 13:52:02,2025-07-21 13:58:30,127.75,137.95,,150,1517.04
2025-07-21 13:52:02,2025-07-21 13:59:00,127.75,140,,525,6385.21
,,,,,,
Commission,Net P&L,Exit Reason,Duration (min),Capital Outstanding,,
,,Starting Capital,,100000,,
9.24,810.28,Take Profit 1,0.88,100810.28,,
46.96,5287.33,Trailing Stop,1.73,106097.61,,
10.12,729.75,Take Profit 1,0.8,106827.36,,
49.71,2188.09,Trailing Stop,1.95,109015.45,,
10.71,953.58,Take Profit 1,1.05,109969.03,,
52.56,3194.88,Trailing Stop,1.9,113163.91,,
63.06,-3411.12,Stop Loss,0.52,109752.79,,
61.8,-3273.61,Stop Loss,2.35,106479.18,,
51.27,-3196.29,Stop Loss,0.42,103282.9,,
11.14,960.22,Take Profit 1,1.57,104243.12,,
43.97,2912.05,Trailing Stop,2.5,107155.17,,
62.93,-373.36,Trailing Stop,2.78,106781.8,,
54.5,-5104.01,Stop Loss,2.27,101677.8,,
12.96,1504.08,Take Profit 1,6.47,103181.87,,
46.04,6339.17,Trailing Stop,6.97,109521.04,,
