Unnamed: 0,Unnamed: 1,Unnamed: 2,Gross P&L Total,"-7,230.78",Unnamed: 5,Unnamed: 6
,,,,,,
Indicators Activated,EMA Parameters,MACD Parameters,SL Points,TP Points,Trailing Stop,Green Bars Required for Entry
"EMA Crossover, MACD","Fast EMA: 9, Slow EMA: 21","Fast: 12, Slow: 26, Signal: 9",10.0,"10.0, 25.0, 50.0, 100.0","Enabled: True, Activation: 5.0 points, Distance: 7.0 points",5
,,,,,,
Entry Time,Exit Time,Entry Price,Exit Price,Lots,Total Qty,Gross P&L
,,,,,,
2025-08-13 09:20:00,2025-08-13 09:23:51,129.7,119.4,,450,-4668.66
2025-08-13 09:24:57,2025-08-13 09:25:15,127.35,137.4,,75,747.29
2025-08-13 09:24:57,2025-08-13 09:25:38,127.35,129.5,,375,775.83
2025-08-13 09:26:14,2025-08-13 09:32:42,125.65,114.75,,450,-4937.35
2025-08-13 09:38:28,2025-08-13 09:41:20,134.4,144.95,,75,784.44
2025-08-13 09:38:28,2025-08-13 09:42:32,134.4,138.9,,375,1654.87
2025-08-13 09:45:20,2025-08-13 09:48:32,143,153.95,,75,814.02
2025-08-13 09:45:20,2025-08-13 09:51:03,143,150.25,,375,2683.46
2025-08-13 09:53:38,2025-08-13 09:57:04,148.45,159.3,,75,806.27
2025-08-13 09:53:38,2025-08-13 09:57:55,148.45,152.6,,375,1520.4
2025-08-13 10:09:55,2025-08-13 10:11:07,159,148.7,,450,-4676.92
2025-08-13 10:12:09,2025-08-13 10:14:11,150.35,138.9,,450,-5191.65
2025-08-13 10:15:10,2025-08-13 10:17:07,146,156,,75,742.67
2025-08-13 10:15:10,2025-08-13 10:18:18,146,149.7,,375,1352.33
2025-08-13 10:28:25,2025-08-13 10:29:21,150.85,151.75,,450,362.22
,,,,,,
Commission,Net P&L,Exit Reason,Duration (min),Capital Outstanding,,
,,Starting Capital,,100000,,
33.66,-4702.32,Stop Loss,3.85,95297.68,,
6.46,740.84,Take Profit 1,0.3,96038.52,,
30.42,745.41,Trailing Stop,0.68,96783.93,,
32.35,-4969.69,Stop Loss,6.47,91814.24,,
6.81,777.63,Take Profit 1,2.87,92591.87,,
32.63,1622.24,Trailing Stop,4.07,94214.11,,
7.23,806.78,Take Profit 1,3.2,95020.9,,
35.29,2648.16,Trailing Stop,5.72,97669.06,,
7.48,798.78,Take Profit 1,3.43,98467.84,,
35.85,1484.56,Trailing Stop,4.28,99952.4,,
41.92,-4718.83,Stop Loss,1.2,95233.56,,
39.15,-5230.81,Stop Loss,2.03,90002.75,,
7.33,735.34,Take Profit 1,1.95,90738.09,,
35.17,1317.17,Trailing Stop,3.13,92055.26,,
42.78,319.45,Trailing Stop,0.93,92374.71,,
